0.0969741922632818 6.42108579665149 1 0.193948384526564 2
0.0985328783009187 Inf 2 0.198624442639474 3
0.104078147768419 24.9778471206496 1 0.220805520509474 4
0.125321226566538 26.5466662219684 1 0.327020914500071 5
0.15121185394446 6.9157555609054 1 0.4823646787676 6
0.173340036652254 12.4757030443895 1 0.637261957722161 7
0.188230705624161 Inf 2 0.756387309497415 8
0.199999999999989 Inf 2 0.862310958879866 9
0.206072245524972 Inf 2 0.923033414129697 10
0.227434375881546 3.99027567004801 1 1.15801684805202 11
0.269450158086391 15.8276049326284 1 1.66220623451015 12
0.285408593645805 9.06859194446781 1 1.86966589678254 13
0.29429706328735 5.46145120738188 1 1.99410447176417 14
0.304743735977072 19.8069116448256 1 2.15080456210999 15
0.328787797532466 14.5978814754672 1 2.53550954699631 16
0.483715952279559 2.56786051379784 1 5.16928817769689 17
2.56786051379784 Inf 0 40.5997457235076 18
2.71359990333918 8.04836919916233 1 43.0773153457105 17
3.99027567004801 Inf 0 62.2946378523029 18
4.07313970183036 13.2953793646208 1 63.7033263926029 17
4.89999999999997 Inf 2 78.5868117596558 18
5.36997469477399 Inf 2 87.5163309603622 19
5.46145120738188 Inf 0 84.1787070684255 20
6.42108579665149 Inf 0 96.0876526601598 19
6.9157555609054 Inf 0 98.2271647097694 18
7.13515703754569 8.00353637611689 1 101.956989812654 17
8.00353637611689 Inf 0 116.719438568365 18
8.04836919916233 Inf 0 112.146827264314 17
8.13678796222223 25.5657022670311 1 113.561527473272 16
8.29166198111938 9.47742492431282 1 116.194385794524 17
8.706984078968 Inf 2 123.670183555799 18
8.79999999999979 Inf 2 125.437486055403 19
9.06859194446781 Inf 0 122.026141593941 20
9.47742492431282 Inf 0 128.608205267803 19
11.908166693529 13.1178764705552 1 172.361557113695 18
12.4757030443895 Inf 0 170.842384772307 19
13.1178764705552 Inf 0 181.191796666262 18
13.2044647153782 22.4246602413984 1 182.663796828253 17
13.2953793646208 Inf 0 175.07802085183 18
13.5570811811489 16.7684321470816 1 179.526951732808 17
13.9789293099652 15.8819479933298 1 187.120218051502 18
14.5978814754672 Inf 0 184.611215518106 19
15.8000000000009 Inf 2 206.249348959712 18
15.8276049326284 Inf 0 191.215687905091 19
15.8819479933298 Inf 0 190.290844314353 18
16.2454114326942 16.9456694408765 1 196.469722783547 17
16.400000000005 Inf 2 199.252316995141 18
16.7684321470816 Inf 0 203.041176823665 19
16.9456694408765 Inf 0 205.53119010379 18
17.0113669467151 26.2327607218242 1 206.648047703047 17
17.3181937590282 23.0586713146502 1 212.170930324683 18
19.8069116448256 Inf 0 239.954402245985 19
20.2270681158458 21.4575164395461 1 247.517218724349 18
21.4575164395461 Inf 0 269.665288550953 19
22.2409214231478 22.721621629191 1 283.766578255784 18
22.4246602413984 Inf 0 278.037420276524 19
22.6784600605881 23.0845858613835 1 282.605817021939 18
22.721621629191 Inf 0 282.945186619351 19
22.8090625377585 26.4431285068465 1 284.519122973567 18
23.0586713146502 Inf 0 283.521212178888 19
23.0845858613835 Inf 0 283.581548219291 18
23.1633156148689 25.0215205300242 1 284.919954028542 17
23.4368396724986 25.8315443154176 1 289.843387065878 18
24.43441210574 Inf 2 308.797263297464 19
24.9778471206496 Inf 0 294.792194622776 20
25.0215205300242 Inf 0 293.763784485738 19
25.1087806656618 25.5037523916471 1 295.334466927214 18
25.272851138394 Inf 2 298.451805909125 19
25.5037523916471 Inf 0 302.674859248202 20
25.5657022670311 Inf 0 286.42299257569 19
25.8315443154176 Inf 0 288.813444803727 18
26.2291038379982 26.6039050052549 1 295.571956687598 17
26.2327607218242 Inf 0 286.416386821356 18
26.4431285068465 Inf 0 286.358573197648 17
26.4803360407498 Inf 2 286.9538937401 16
26.5466662219684 Inf 0 261.660161825415 17
26.6039050052549 Inf 0 262.201181190742 16
26.75706653517 Inf 2 264.498604139468 15
26.8338263567523 27.4440430748856 1 265.726761284785 16
27.1273936053501 Inf 2 270.717404510947 17
27.4440430748856 Inf 0 275.806878244454 18
27.800000000005 Inf 2 281.858145971483 17
